105987 1 
231376 2 
262504 3 
287663 4 
314878 5 
336382 6 
337711 7 
369299 8 
375176 9 
392923 10 
397332 11 
430071 12 
446326 13 
455951 14 
485270 15 
492118 16 
512097 17 
521479 18 
521687 19 
521723 20 
525297 21 
529640 22 
543544 23 
562707 24 
569697 25 
587278 26 
602831 27 
611378 28 
615078 29 
637879 30 
642120 31 
660644 32 
676805 33 
712161 34 
732204 35 
732858 36 
734735 37 
757081 38 
757490 39 
768030 40 
771527 41 
782669 42 
784500 43 
785802 44 
787285 45 
801248 46 
811543 47 
845282 48 
859653 49 
875581 50 
884445 51 
888887 52 
908618 53 
910283 54 
925433 55 
931012 56 
933523 57 
942305 58 
949234 59 
960329 60 
962535 61 
966386 62 
976087 63 
977195 64 
983852 65 
996365 66 
1004457 67 
1021851 68 
1025737 69 
1049992 70 
1052537 71 
1080698 72 
1080700 73 
1088900 74 
1097930 75 
1100079 76 
1106553 77 
1107856 78 
1110641 79 
1123805 80 
1134318 81 
1139438 82 
1147839 83 
1163505 84 
1177810 85 
1189685 86 
1208070 87 
1280218 88 
1288150 89 
1331504 90 
1347268 91 
1357574 92 
1393975 93 
1415215 94 
1479819 95 
1587509 96 
1603074 97 
1684593 98 
1946454 99 
2155725 100 
