7 1.0
10 2.0
10 3.0
11 4.0
11 5.0
11 6.0
13 7.0
13 8.0
13 9.0
14 10.0
14 11.0
14 12.0
15 13.0
15 14.0
15 15.0
16 16.0
16 17.0
16 18.0
16 19.0
17 20.0
17 21.0
17 22.0
18 23.0
18 24.0
19 25.0
19 26.0
20 27.0
20 28.0
20 29.0
20 30.0
21 31.0
21 32.0
21 33.0
22 34.0
22 35.0
22 36.0
22 37.0
22 38.0
22 39.0
23 40.0
23 41.0
23 42.0
23 43.0
23 44.0
23 45.0
24 46.0
24 47.0
24 48.0
25 49.0
25 50.0
25 51.0
26 52.0
26 53.0
26 54.0
26 55.0
26 56.0
27 57.0
27 58.0
27 59.0
27 60.0
27 61.0
27 62.0
27 63.0
28 64.0
28 65.0
28 66.0
28 67.0
28 68.0
29 69.0
30 70.0
30 71.0
30 72.0
30 73.0
31 74.0
31 75.0
32 76.0
32 77.0
32 78.0
32 79.0
32 80.0
33 81.0
33 82.0
33 83.0
34 84.0
34 85.0
34 86.0
36 87.0
36 88.0
37 89.0
37 90.0
38 91.0
39 92.0
39 93.0
40 94.0
42 95.0
45 96.0
46 97.0
46 98.0
48 99.0
50 100.0
