12 1.0
19 2.0
19 3.0
23 4.0
31 5.0
35 6.0
38 7.0
44 8.0
45 9.0
46 10.0
48 11.0
48 12.0
48 13.0
48 14.0
49 15.0
50 16.0
50 17.0
51 18.0
51 19.0
52 20.0
53 21.0
54 22.0
54 23.0
54 24.0
54 25.0
55 26.0
56 27.0
56 28.0
58 29.0
59 30.0
59 31.0
60 32.0
60 33.0
61 34.0
63 35.0
63 36.0
64 37.0
66 38.0
66 39.0
66 40.0
66 41.0
68 42.0
68 43.0
70 44.0
70 45.0
70 46.0
70 47.0
70 48.0
72 49.0
74 50.0
74 51.0
75 52.0
76 53.0
76 54.0
77 55.0
77 56.0
78 57.0
78 58.0
79 59.0
79 60.0
80 61.0
81 62.0
83 63.0
83 64.0
83 65.0
84 66.0
84 67.0
85 68.0
86 69.0
87 70.0
87 71.0
88 72.0
88 73.0
89 74.0
89 75.0
91 76.0
91 77.0
92 78.0
92 79.0
96 80.0
99 81.0
101 82.0
101 83.0
103 84.0
105 85.0
106 86.0
107 87.0
109 88.0
109 89.0
112 90.0
113 91.0
114 92.0
118 93.0
120 94.0
121 95.0
121 96.0
123 97.0
138 98.0
139 99.0
190 100.0
