1347406 1 
1541192 2 
1597684 3 
1661605 4 
1823058 5 
2048829 6 
2082017 7 
2190892 8 
2306412 9 
2320151 10 
2473245 11 
2517212 12 
2533590 13 
2534331 14 
2675142 15 
2679404 16 
2705620 17 
2791137 18 
2809303 19 
2822725 20 
2826284 21 
2826438 22 
2868028 23 
2900804 24 
2928277 25 
2952955 26 
2977107 27 
3039515 28 
3049170 29 
3129146 30 
3141934 31 
3179935 32 
3184641 33 
3201658 34 
3221298 35 
3231556 36 
3312072 37 
3358442 38 
3368610 39 
3368832 40 
3370054 41 
3458532 42 
3499433 43 
3539698 44 
3551756 45 
3620215 46 
3653589 47 
3976187 48 
4013306 49 
4022106 50 
4074126 51 
4082792 52 
4218386 53 
4478886 54 
4739151 55 
4769144 56 
4799993 57 
5113646 58 
5309495 59 
5406207 60 
5488453 61 
5532956 62 
5560475 63 
5614059 64 
5617036 65 
5632186 66 
5660686 67 
5821571 68 
5860995 69 
6024594 70 
6592507 71 
6822586 72 
7076776 73 
7172532 74 
7352179 75 
7492267 76 
7845384 77 
8151445 78 
8155005 79 
8653704 80 
9179398 81 
10387838 82 
13195482 83 
15249872 84 
15297769 85 
15588148 86 
16061635 87 
19048149 88 
19620420 89 
20307199 90 
22524947 91 
22996840 92 
23568663 93 
23983538 94 
24365067 95 
26074316 96 
50331473 97 
58836773 98 
71179143 99 
71502156 100 
