1637677 1 
1880046 2 
1941403 3 
2024333 4 
2250901 5 
2491358 6 
2533820 7 
2674801 8 
2815965 9 
2817884 10 
3018068 11 
3059442 12 
3072560 13 
3101901 14 
3252241 15 
3265949 16 
3314148 17 
3409153 18 
3425178 19 
3430885 20 
3441661 21 
3444343 22 
3487979 23 
3543137 24 
3572701 25 
3604645 26 
3635766 27 
3708406 28 
3724775 29 
3813833 30 
3842893 31 
3863700 32 
3883151 33 
3907411 34 
3924373 35 
3934218 36 
4042304 37 
4091296 38 
4101374 39 
4105019 40 
4109065 41 
4221408 42 
4262927 43 
4314335 44 
4332793 45 
4416999 46 
4450832 47 
4899081 48 
4899953 49 
4965170 50 
4980667 51 
5021613 52 
5378872 53 
5468762 54 
5819788 55 
5905734 56 
6046231 57 
6450721 58 
6493658 59 
6864380 60 
6914599 61 
6916483 62 
6973706 63 
6990493 64 
7035934 65 
7054099 66 
7061164 67 
7329087 68 
7353517 69 
7568010 70 
8429771 71 
8514330 72 
8915109 73 
9022223 74 
9316213 75 
9513330 76 
9973442 77 
10374643 78 
10469408 79 
10957260 80 
11605726 81 
13332280 82 
16826607 83 
19477456 84 
19588138 85 
19887183 86 
20709099 87 
24577612 88 
25378270 89 
26170133 90 
28950220 91 
29618496 92 
30343569 93 
30924153 94 
31383062 95 
33668803 96 
65243488 97 
76380534 98 
92541873 99 
92874703 100 
