0 0 
22864 1 
24617 2 
24850 3 
24897 4 
24962 5 
25533 6 
26517 7 
28800 8 
29411 9 
29448 10 
32379 11 
32739 12 
34605 13 
34609 14 
38237 15 
38806 16 
40750 17 
40939 18 
43673 19 
43729 20 
44003 21 
44417 22 
44561 23 
44942 24 
45147 25 
45181 26 
47315 27 
47793 28 
49883 29 
55473 30 
57821 31 
58416 32 
58725 33 
61006 34 
61828 35 
67327 36 
68273 37 
69269 38 
73089 39 
75070 40 
75533 41 
80542 42 
85252 43 
87392 44 
88044 45 
91195 46 
91384 47 
97881 48 
101318 49 
104484 50 
104803 51 
105619 52 
108460 53 
115732 54 
119538 55 
125084 56 
128436 57 
137817 58 
143617 59 
147728 60 
165340 61 
168484 62 
180893 63 
188586 64 
215814 65 
224590 66 
228805 67 
229081 68 
231292 69 
249329 70 
268640 71 
270745 72 
271804 73 
274922 74 
278203 75 
305553 76 
320248 77 
331498 78 
334405 79 
346334 80 
381306 81 
398138 82 
469597 83 
493311 84 
516195 85 
530148 86 
634541 87 
695464 88 
732978 89 
893048 90 
939166 91 
992261 92 
1069733 93 
1185805 94 
1292701 95 
2498610 96 
3851762 97 
5003919 98 
6289976 99 
13355574 100 
