0 0 
266 1 
267 2 
267 3 
267 4 
385 5 
385 6 
385 7 
386 8 
466 9 
466 10 
466 11 
466 12 
467 13 
588 14 
588 15 
710 16 
711 17 
832 18 
832 19 
832 20 
833 21 
833 22 
954 23 
955 24 
955 25 
1444 26 
1565 27 
1565 28 
2297 29 
2788 30 
9222 31 
20959 32 
22642 33 
23004 34 
23005 35 
23254 36 
23499 37 
24092 38 
26337 39 
27173 40 
27290 41 
29670 42 
29976 43 
31789 44 
32028 45 
35144 46 
35745 47 
37508 48 
39904 49 
40251 50 
41199 51 
43971 52 
45572 53 
50982 54 
53751 55 
56328 56 
57549 57 
61201 58 
62084 59 
63116 60 
63664 61 
66268 62 
67951 63 
69359 64 
74972 65 
81616 66 
82621 67 
83695 68 
87556 69 
88356 70 
89124 71 
96535 72 
98169 73 
103015 74 
106285 75 
110060 76 
111167 77 
113347 78 
116746 79 
120705 80 
129134 81 
134860 82 
147372 83 
148157 84 
154807 85 
165156 86 
168085 87 
205099 88 
230486 89 
267036 90 
278185 91 
380571 92 
427296 93 
456316 94 
543205 95 
568164 96 
700732 97 
771939 98 
854343 99 
3552345 100 
