0 0 
23146 1 
25052 2 
25264 3 
25345 4 
25393 5 
25914 6 
26971 7 
29312 8 
29814 9 
29930 10 
32931 11 
33186 12 
35114 13 
35133 14 
38901 15 
39403 16 
41595 17 
44335 18 
44400 19 
45904 20 
48535 21 
50673 22 
55769 23 
56431 24 
59846 25 
60354 26 
60744 27 
61187 28 
61551 29 
61791 30 
61990 31 
64890 32 
68314 33 
76593 34 
76743 35 
79273 36 
79985 37 
84468 38 
92834 39 
93379 40 
94837 41 
99454 42 
99947 43 
110331 44 
116450 45 
117674 46 
119422 47 
120628 48 
124927 49 
130608 50 
138758 51 
143124 52 
143788 53 
144909 54 
148574 55 
150155 56 
163412 57 
171106 58 
183826 59 
188385 60 
196318 61 
226640 62 
228193 63 
230443 64 
257959 65 
295756 66 
310634 67 
313631 68 
314053 69 
316836 70 
341757 71 
368732 72 
372319 73 
372837 74 
376809 75 
382207 76 
439404 77 
455135 78 
459973 79 
476039 80 
477368 81 
523619 82 
546679 83 
678540 84 
708961 85 
728358 86 
870739 87 
954188 88 
955784 89 
1006824 90 
1226494 91 
1364357 92 
1468045 93 
1626098 94 
1773767 95 
3430018 96 
5306393 97 
6894039 98 
7749988 99 
8676620 100 
